[gd_scene load_steps=26 format=3 uid="uid://cp1oj3mvkqe3"]

[ext_resource type="Texture2D" uid="uid://w8dck80j1xek" path="res://World/PSX_NIGHTSKY.hdr" id="1_5e3dg"]
[ext_resource type="Script" path="res://Main/main.gd" id="1_amjxq"]
[ext_resource type="PackedScene" uid="uid://bydgtx15kls7v" path="res://World/Forest.tscn" id="1_gbygh"]
[ext_resource type="PackedScene" uid="uid://bb7w8vtocq4vx" path="res://Player/player.tscn" id="2_om6f5"]
[ext_resource type="PackedScene" uid="uid://bvud0gceipuii" path="res://World/Environment.tscn" id="3_hx25i"]
[ext_resource type="PackedScene" uid="uid://bh35xh70gsw6p" path="res://World/tent_scene_final.tscn" id="5_sf63b"]
[ext_resource type="PackedScene" uid="uid://cvulti7c1g3uy" path="res://World_assets/rocks/rock.glb" id="6_7sdx0"]
[ext_resource type="PackedScene" uid="uid://b77p78x251kad" path="res://World/car.tscn" id="6_nluqf"]
[ext_resource type="PackedScene" uid="uid://b0q8b6bb7pato" path="res://World/dock.tscn" id="7_jqrva"]
[ext_resource type="PackedScene" uid="uid://ci7dx2ps1eb73" path="res://World/shed.tscn" id="7_n7xib"]
[ext_resource type="AudioStream" uid="uid://bjgaxr3jspwnm" path="res://audio/ambient_sounds/pond_night.mp3" id="11_1msep"]
[ext_resource type="AudioStream" uid="uid://ctq5vkr2f51wa" path="res://audio/ambient_sounds/forest_night.mp3" id="12_3frgi"]

[sub_resource type="PanoramaSkyMaterial" id="PanoramaSkyMaterial_13b6p"]
panorama = ExtResource("1_5e3dg")

[sub_resource type="Sky" id="Sky_no8pv"]
sky_material = SubResource("PanoramaSkyMaterial_13b6p")

[sub_resource type="Environment" id="Environment_ejpf4"]
background_mode = 2
sky = SubResource("Sky_no8pv")
ambient_light_source = 3
reflected_light_source = 2
tonemap_mode = 2
ssr_enabled = true
ssao_enabled = true
ssil_enabled = true
fog_light_color = Color(0.380392, 0.411765, 0.462745, 1)
fog_light_energy = 0.25
fog_sun_scatter = 1.0
fog_density = 0.5342
fog_sky_affect = 0.75
fog_height = 1.0
fog_height_density = -5.0
volumetric_fog_density = 0.036
volumetric_fog_sky_affect = 0.95
adjustment_brightness = 1.5
adjustment_contrast = 0.8
adjustment_saturation = 0.6

[sub_resource type="CameraAttributesPractical" id="CameraAttributesPractical_sfylq"]
dof_blur_far_distance = 30.0

[sub_resource type="BoxShape3D" id="BoxShape3D_ydgg8"]
size = Vector3(10.2846, 3.74599, 19.3762)

[sub_resource type="BoxShape3D" id="BoxShape3D_1h32x"]
size = Vector3(42.6125, 39.8119, 1)

[sub_resource type="BoxShape3D" id="BoxShape3D_lgdwj"]
size = Vector3(1.63124, 202.668, 58.6928)

[sub_resource type="BoxShape3D" id="BoxShape3D_qedr3"]
size = Vector3(150.265, 1, 80.4685)

[sub_resource type="BoxShape3D" id="BoxShape3D_ladtp"]
size = Vector3(106.363, 2.46244, 81.8882)

[sub_resource type="BoxShape3D" id="BoxShape3D_a35wm"]
size = Vector3(2.06094, 150.449, 71.8031)

[sub_resource type="BoxShape3D" id="BoxShape3D_to3h7"]
size = Vector3(3.21529, 205.998, 70.036)

[sub_resource type="BoxShape3D" id="BoxShape3D_eixq4"]
size = Vector3(1.50024, 106.147, 57.3599)

[sub_resource type="GDScript" id="GDScript_xd8w0"]
script/source = "extends AudioStreamPlayer


# Called when the node enters the scene tree for the first time.
func _ready():
	pass


# Called every frame. 'delta' is the elapsed time since the previous frame.
func _process(delta):
	pass
"

[node name="main" type="Node3D"]
script = ExtResource("1_amjxq")

[node name="World Lighting and Fog" type="Node3D" parent="."]

[node name="WorldEnvironment" type="WorldEnvironment" parent="World Lighting and Fog"]
environment = SubResource("Environment_ejpf4")
camera_attributes = SubResource("CameraAttributesPractical_sfylq")

[node name="DirectionalLight3D" type="DirectionalLight3D" parent="World Lighting and Fog"]
transform = Transform3D(-0.528264, 0.735326, -0.424538, -1.41025e-08, 0.499998, 0.866026, 0.84908, 0.457491, -0.264131, 242, 0, 173)
light_color = Color(0.447059, 0.545098, 0.713726, 1)
light_energy = 0.3
shadow_enabled = true

[node name="player" parent="." instance=ExtResource("2_om6f5")]
transform = Transform3D(1, 0, 0, 0, 1, 0, 0, 0, 1, 315.62, 14.1188, 398.118)

[node name="Forest" parent="." instance=ExtResource("1_gbygh")]
transform = Transform3D(-0.063749, 0, 0.997966, 0, 1, 0, -0.997966, 0, -0.063749, 264.67, -1.35, 226.654)

[node name="Terrain" parent="." instance=ExtResource("3_hx25i")]

[node name="Spawn Boulders" type="Node3D" parent="Terrain"]

[node name="boulder1" parent="Terrain/Spawn Boulders" instance=ExtResource("6_7sdx0")]
transform = Transform3D(-2.94439, 2.7075, 0, -2.55999, -2.78397, 1.30227, 0.881477, 0.958599, 3.78207, 321.324, 16.1445, 408.44)

[node name="boulder4" parent="Terrain/Spawn Boulders" instance=ExtResource("6_7sdx0")]
transform = Transform3D(-2.94439, 2.7075, 0, -2.55999, -2.78397, 1.30227, 0.881477, 0.958599, 3.78207, 287.641, -2.44722, 347.005)

[node name="boulder5" parent="Terrain/Spawn Boulders" instance=ExtResource("6_7sdx0")]
transform = Transform3D(3.97184, 1.91568, -1.1277, -1.97306, 1.90911, -3.51533, -1.03151, 3.72462, 2.38184, 288.902, -3.75681, 350.807)

[node name="boulder6" parent="Terrain/Spawn Boulders" instance=ExtResource("6_7sdx0")]
transform = Transform3D(-0.0630583, 5.18361, -0.734061, -0.158958, 1.09294, 3.46158, 3.40376, 0.147073, 0.148059, 293.506, -3.21588, 355.302)

[node name="boulder7" parent="Terrain/Spawn Boulders" instance=ExtResource("6_7sdx0")]
transform = Transform3D(-0.0641379, 3.85148, -0.556908, -0.161679, 0.81207, 2.62619, 3.46204, 0.109277, 0.112328, 288.689, -1.10225, 354.422)

[node name="boulder2" parent="Terrain/Spawn Boulders" instance=ExtResource("6_7sdx0")]
transform = Transform3D(3.5967, 3.47329, 0, -3.47329, 3.5967, 0, 0, 0, 5, 323.98, 20.1764, 411.263)

[node name="boulder3" parent="Terrain/Spawn Boulders" instance=ExtResource("6_7sdx0")]
transform = Transform3D(3, 0, 0, 0, 1.38525, -2.66103, 0, 2.66103, 1.38525, 318.938, 19.7722, 410.071)

[node name="Landmarks" type="Node3D" parent="."]

[node name="Shed" parent="Landmarks" instance=ExtResource("7_n7xib")]
transform = Transform3D(-0.819043, 0, -1.25665, 0, 1.5, 0, 1.25665, 0, -0.819043, 278.28, -0.992959, 159.339)

[node name="dock" parent="Landmarks" instance=ExtResource("7_jqrva")]
transform = Transform3D(0.0163705, 0, -0.999866, 0, 1, 0, 0.999866, 0, 0.0163705, 248.593, -0.648372, 172.666)

[node name="Tent Scene" parent="Landmarks" instance=ExtResource("5_sf63b")]
transform = Transform3D(-0.518848, 0, -0.854867, 0, 1, 0, 0.854867, 0, -0.518848, 311.89, -0.477993, 273.239)

[node name="Car" parent="." instance=ExtResource("6_nluqf")]
transform = Transform3D(1.34286, 0.0226388, -0.668001, 0.0341706, -1.49951, 0.0178739, -0.66751, -0.0312195, -1.34294, 321.049, 14.8804, 401.757)

[node name="Collision Walls" type="Node3D" parent="."]

[node name="Crater Rock Collision" type="StaticBody3D" parent="Collision Walls"]
transform = Transform3D(1, 0, 0, 0, 1, 0, 0, 0, 1, 294.034, 3.0241, 355.26)

[node name="CollisionShape3D" type="CollisionShape3D" parent="Collision Walls/Crater Rock Collision"]
transform = Transform3D(0.906308, 0, 0.422618, 0, 1, 0, -0.422618, 0, 0.906308, -3.57501, -4.01999, -2.9989)
shape = SubResource("BoxShape3D_ydgg8")

[node name="Forest Boundaries" type="StaticBody3D" parent="Collision Walls"]
transform = Transform3D(1, 0, 0, 0, 1, 0, 0, 0, 1, 246.249, 0, 223.449)

[node name="Spawn Wall" type="CollisionShape3D" parent="Collision Walls/Forest Boundaries"]
transform = Transform3D(0.837194, 0, 0.546906, 0, 1, 0, -0.546906, 0, 0.837194, 71.6557, 14.087, 181.498)
shape = SubResource("BoxShape3D_1h32x")

[node name="ForestWall1" type="CollisionShape3D" parent="Collision Walls/Forest Boundaries"]
transform = Transform3D(0.537299, 0.843391, -3.68658e-08, 0, -4.37114e-08, -1, -0.843391, 0.537299, -2.34861e-08, -16.575, 11.9101, 135.474)
shape = SubResource("BoxShape3D_lgdwj")

[node name="ForestWall2" type="CollisionShape3D" parent="Collision Walls/Forest Boundaries"]
transform = Transform3D(-0.5, 0.866025, -3.78552e-08, 0, -4.37114e-08, -1, -0.866025, -0.5, 2.18557e-08, -116.346, 29.2503, 32.0398)
shape = SubResource("BoxShape3D_qedr3")

[node name="ForestWall3" type="CollisionShape3D" parent="Collision Walls/Forest Boundaries"]
transform = Transform3D(0.842452, 0.538771, -2.35504e-08, 0, -4.37114e-08, -1, -0.538771, 0.842452, -3.68248e-08, -110.102, 29.2503, -59.9723)
shape = SubResource("BoxShape3D_ladtp")

[node name="ForestWall4" type="CollisionShape3D" parent="Collision Walls/Forest Boundaries"]
transform = Transform3D(0.173648, -0.984807, 4.30473e-08, 0, -4.37114e-08, -1, 0.984807, 0.173648, -7.5904e-09, 40.2404, 29.2503, -106.633)
shape = SubResource("BoxShape3D_a35wm")

[node name="ForestWall5" type="CollisionShape3D" parent="Collision Walls/Forest Boundaries"]
transform = Transform3D(0.996194, -0.0871557, 3.8097e-09, 0, -4.37114e-08, -1, 0.0871557, 0.996194, -4.35451e-08, 104.355, 29.2503, -18.4761)
shape = SubResource("BoxShape3D_to3h7")

[node name="ForestWall6" type="CollisionShape3D" parent="Collision Walls/Forest Boundaries"]
transform = Transform3D(0.990268, -0.139173, 6.08345e-09, 0, -4.37114e-08, -1, 0.139173, 0.990268, -4.3286e-08, 89.1433, 19.4931, 124.809)
shape = SubResource("BoxShape3D_eixq4")

[node name="Lake Collision" type="CollisionPolygon3D" parent="Collision Walls/Forest Boundaries"]
transform = Transform3D(1, 0, 0, 0, -4.37114e-08, -1, 0, 1, -4.37114e-08, -45.7964, 10, -47.3316)
depth = 20.0
polygon = PackedVector2Array(47.5719, -6.24536, 42.2821, -5.98087, 42.2821, -4.21761, 48.189, -3.77679, 48.189, 0.0142212, 50.1286, 5.92114, 51.1822, 31.9671, 28.5178, 56.1704, -52.0668, 41.9002, -55.644, -25.1421, 16.8095, -48.4774, 47.1617, -35.4227, 48.3503, -5.91376)

[node name="Sounds" type="Node3D" parent="."]

[node name="ambientLakeSounds" type="AudioStreamPlayer3D" parent="Sounds"]
transform = Transform3D(1, 0, 0, 0, 1, 0, 0, 0, 1, 193.825, 0, 180.395)
stream = ExtResource("11_1msep")
volume_db = 2.0
max_db = 2.0
autoplay = true

[node name="ambientForestSounds" type="AudioStreamPlayer" parent="Sounds"]
stream = ExtResource("12_3frgi")
volume_db = -19.0
autoplay = true
script = SubResource("GDScript_xd8w0")
